450
800
721,2521232850924
430,6590002292085
19,896651361754564
17,360144824859283
20,69482283201379
761,0033325757211
13,678679600087184
19,99021514504965
33,215335591950776
56,41344623151122
231,67859906501508
348,2693188480149
11,789906225287275
15,464886010543962
83,72891623657604
646,7260144601104
429,0124307408398
36,04082285205905
19,17669437654905
12,287505878599585
747,542997620844
246,00579735702763
34,252376760771
20,92378234697398
59,445092238128844
758,1528806103973
383,2741940827648
22,423941609018105
24,556821827572264
91,86647910983213
226,19887547851602
309,30098339143507
18,228532862811363
33,731441129269626
93,12738928446096
532,6967715515821
409,25090348673587
22,993817794960055
31,25739488828541
58,233913258761554
206,0642834993897
427,2265830193918
26,752840684456768
15,696855283355493
228,0672585274463
621,8217981275101
385,57255976632024
31,761474428279772
29,269388402877105
181,99297805496985
261,0812043189864
373,2430140316748
12,167459526216302
29,50169851245425
131,29578947352098
689,8493731174597
86,71994453341745
29,981960335981803
13,461426613457345
25,30244042476047
784,4603570947785
190,26103536731682
23,177862798935962
27,48086833181358
12,20274905908712
530,2755130937417
35,20326171106822
25,784424229039153
26,917382994866237
200,2553970048148
345,50262753181886
384,90808832892816
18,095039573273674
13,019018080542835
81,88608450086748
629,0767191426971
148,38161035246998
20,241887021403578
15,020237849097768
40,91219909742993
685,973405511036
276,63745008995204
18,234450882368137
25,28469316647408
172,71460717694129
638,967755310534
310,819834006099
11,336257117505923
31,110907944732276
257,00160861756206
158,96557124745857
429,34645822521185
11,540857026454312
25,09987310975183
27,83170215819016
221,6088099615197
97,10628280135955
22,71449474019896
35,003678191056416
49,35731029451702
309,78111611640077
407,8461571479025
15,479037247868165
25,009127643064332
79,51568422563344
793,0718917689721
122,82487327016412
23,862173934969405
13,64396738323026
125,6397908502818
660,6810425678513
140,19083919105893
30,57818922348245
17,847050193107997
114,48243808074169
286,1729100143252
268,7067800437649
14,389831609745878
13,649564132277124
242,4774741441171
448,7501809113438
402,11459550329096
32,57612604217704
19,707764401494458
36,12300300501712
729,2951067171585
180,75420733578196
31,377484250660785
12,169146454491122
258,46741263662693
675,5258475430497
203,6507166305352
19,236820384390818
12,012891926563587
38,10040438522201
462,1096261416475
443,0454820497821
16,194704491853372
27,307087902688473
82,61043766069947
587,6556159856242
49,807522091167854
36,87765106773823
15,76161417840703
277,14338696884624
716,1820394188621
348,5321929350872
29,569828394655318
10,567618113823688
126,50792188690032
439,0561064460892
176,5779452362832
17,95877819362864
22,910086545885186
170,05290266962714
72,16731635533166
414,00326369570564
17,291823745644866
36,33481732635394
107,3966985849641
609,8310150556354
324,86145904110856
34,43144894862003
15,703107995734166
221,70762539894443
656,5702066897841
31,573860325254394
15,735716790543021
24,496745042933355
166,3036239486357
319,5933217157024
196,77492141088857
19,492436601076452
29,421959479241
136,8126759608672
45,408146464523384
427,73404745898904
20,02300465390936
28,755109563674747
97,57137955706354
680,8266432144447
20,545080654745984
17,56271335585738
27,073994896462374
283,86631956028907
687,2188252341333
377,5112581439089
13,434991654559925
21,79238746248481
26,891655631792595
152,17659835920614
3,9084975347540185
11,11559912015278
17,258538124241554
278,35309418495086
316,36369777597724
95,37129606528283
24,50284130098655
25,217415805701194
33,52358547086626
714,4223286775849
141,02475383424834
30,401251803036082
12,429378204573753
244,68351892890607
576,1149420300808
101,06131119711382
23,47579515854777
23,83003278066824
178,24575074295223
772,8189982690924
310,06067028391493
33,14218499674254
16,16051522645692
194,42935438868847
386,67213799598653
239,1293872438614
30,266485441523635
17,987448765958757
83,77815681681028
435,0486970105809
354,35602352567645
16,93921775627871
17,159535603880734
108,95724222276426
127,64421999062527
412,8387218925621
12,526777972966004
21,881238536780458
204,03227425850014
97,09713760810592
249,55951625038202
14,295574170275268
32,01533857493014
178,448293022596
500,16606449501904
330,8556531419553
26,491299130935705
21,43403616592071
202,86918426752487
403,3243370283987
444,9290053356467
21,20074406000192
27,055758679796902
236,26658042355825
0,5756588915998506
84,78070651437386
13,103117140211122
20,496586979421863
230,6183903459901
368,1371782312297
423,16649389330587
31,242364191487606
21,14319855373972
216,63174217365903
396,8432278242307
137,17884167820878
24,97706547558236
11,603676464019246
23,378470273123053
173,82218221236815
280,97478439877233
33,61722808578392
17,18233520016042
142,23119650310423
282,47649023581164
380,29051723431826
22,794251819278095
35,607167374280735
211,71357557969827
252,2750024267042
169,80828779985842
30,222390534160397
21,048984106726394
233,99107359988528
138,86338345570834
186,09478137347108
10,254050732953251
33,25618844312589
71,4427707871711
615,0188000519194
181,23501425231618
24,566304585728325
36,00555055970048
269,6139456844652
99,48908652014995
31,129349602973566
31,737883564581637
33,81496336936901
112,48579762439329
766,6964472342949
436,2853562501549
10,469874610815426
15,278469207203571
138,0147413733149
793,5858828235912
65,47116985073639
22,803477941271147
30,755474292771623
279,6215299939477
793,0333550055444
398,34639983057633
25,177336388775196
15,311691933981074
263,1166030211786
195,66694181586354
346,05044862004183
33,34787897067419
24,350943714723286
296,82871285741163
14,402765954544527
448,3425547325305
10,896996841420865
10,610930929589864
221,96351388906274
388,78340873625297
67,50110413058462
12,01069786999318
33,14552306139183
135,87737787377193
8,881090905454503
374,3763246310853
32,860200140895046
35,25018111147199
208,37515613227188
610,8685095057064
284,480213261644
18,096467319894472
36,58419277722621
249,5384045887462
663,0633591441406
178,02554423355053
18,893042672694804
12,308630428800551
144,39675721563057
425,1389483644903
111,74177316691912
18,672509886122384
31,498491676646537
8,682484002185056
4,800333328118533
244,85374384613834
23,378250825372614
37,36756758165649
16,397498035496497
723,2474289727343
16,227817837518398
32,202115994823814
15,959079987074524
70,20767930070227
402,3347430481607
193,821938908513
33,81804242523603
10,405917884806025
35,42483907457657
555,5262024662162
343,3425395091558
35,30001044933611
23,941451115101323
40,09172335954533
453,7270260368841
2,2433570769776923
10,595344545287134
18,890606186778164
277,23603246524107
752,5177917460852
103,40265187865175
17,70794685976992
16,078848317251627
195,11994525291036
259,399677091052
255,35875105609446
13,673698459856464
32,451053732425116
235,8557672543653
497,00748415698047
235,53523108673647
14,126094931979846
28,286634180461267
62,220341389578294
231,45357296724063
395,13091807010113
26,05944567546555
23,557097953469942
97,89553141328622
709,6633445105809
59,38551769760589
20,215341542318477
13,686957509761223
127,40865276213921
788,5517792995428
435,83253125982657
33,816428413011394
12,777300221018216
114,81452379042446
350,96992738591933
162,99362688590284
25,147321349204454
19,28062125556166
86,51019243148401
